image: arena.pgm
resolution: 0.010000
origin: [-3.150000, -2.600000, 0.000000]
negate: 0
occupied_thresh: 0.65
free_thresh: 0.196

